Champ longitudinal: Fichier, Bl, erreur, Paramètres de Stokes V: min(x,y), min(x,y)
1886313 	7 	0 	0.00102 	-3.26 	-0.00066 	0.51
1647608 	-261 	2 	0.00573 	-59.05 	-0.00575 	-70.01
1756011 	-18 	0 	0.00032 	33.11 	-0.00029 	22.05
1633127 	-45 	0 	0.00219 	-1.68 	-0.00164 	-16.19
1738583 	-99 	1 	0.00265 	16.83 	-0.00315 	6.63
1683083 	-242 	12 	0.00341 	10.48 	-0.00276 	-10.86
1020149 	58 	4 	0.00222 	3.95 	-0.00266 	-8.24
837251 	-4 	0 	0.00134 	20.06 	-0.00107 	34.38
808921 	380 	64 	0.00462 	-36.07 	-0.00441 	-8.91
1059124 	-75 	23 	0.00559 	3.90 	-0.00226 	-12.45
1094903 	1594 	400 	0.00507 	22.21 	-0.01387 	43.21
1050657 	97 	10 	0.00296 	1.76 	-0.00296 	18.10
946811 	-1401 	159 	0.00795 	6.93 	-0.00771 	-26.71
946133 	185 	13 	0.00118 	-28.47 	-0.00098 	-51.33
1737317 	13 	0 	0.00053 	-23.44 	-0.00033 	-21.29
1515822 	-21 	1 	0.00100 	-22.78 	-0.00131 	-34.75
946659 	91 	7 	0.00232 	0.09 	-0.00253 	12.40
861746 	393 	68 	0.00358 	-24.35 	-0.00378 	7.38
966293 	-537 	27 	0.01054 	-5.62 	-0.00893 	-20.82
808297 	8 	0 	0.00038 	-5.21 	-0.00035 	7.07
808369 	421 	79 	0.00347 	0.12 	-0.00304 	21.97
1523122 	1 	0 	0.00005 	26.20 	-0.00004 	32.07
898523 	-48 	5 	0.00269 	-37.03 	-0.00252 	12.82
1020320 	-76 	5 	0.00348 	15.10 	-0.00202 	1.98
897990 	-483 	81 	0.01260 	95.70 	-0.01620 	51.26
851514 	-1435 	281 	0.01402 	80.93 	-0.01092 	52.11
978657 	414 	77 	0.00354 	-28.89 	-0.00333 	-3.22
808605 	552 	103 	0.00416 	-15.41 	-0.00299 	28.79
966026 	-71 	9 	0.00331 	7.55 	-0.00275 	-19.80
1700742 	-146 	2 	0.00340 	8.76 	-0.00340 	0.17
808365 	446 	84 	0.00529 	-8.87 	-0.00369 	25.99
861590 	-307 	6 	0.00594 	7.38 	-0.00392 	-8.86
1685004 	-346 	5 	0.00946 	6.36 	-0.00855 	-2.65
851518 	-208 	2 	0.00564 	16.66 	-0.00576 	6.90
808609 	393 	79 	0.00380 	-9.01 	-0.00277 	14.46
1769807 	69 	0 	0.00072 	-88.26 	-0.00070 	-81.31
1115386 	204 	36 	0.00219 	28.78 	-0.00254 	-0.30
861401 	-96 	7 	0.00271 	10.80 	-0.00307 	2.40
1075695 	-16 	24 	0.00311 	30.95 	-0.00339 	7.21
1737553 	-12 	0 	0.00130 	4.16 	-0.00099 	-2.90
1609780 	-13 	0 	0.00170 	19.26 	-0.00106 	12.45
1647296 	152 	3 	0.00283 	-13.26 	-0.00228 	-2.70
1005273 	-385 	12 	0.01168 	-29.64 	-0.01119 	-36.62
1632377 	-44 	0 	0.00199 	-0.12 	-0.00114 	-27.23
1060198 	3 	1 	0.00228 	-16.22 	-0.00182 	-13.35
1773228 	-12 	0 	0.00042 	21.32 	-0.00018 	6.64
1096238 	142 	14 	0.00363 	11.12 	-0.00264 	87.11
861855 	142 	10 	0.00279 	0.96 	-0.00242 	10.46
1701826 	-104 	1 	0.00192 	-21.96 	-0.00204 	-30.90
861750 	-178 	4 	0.00308 	7.93 	-0.00442 	-2.00
1737549 	-130 	2 	0.00434 	-11.79 	-0.00390 	-19.84
1514226 	-80 	4 	0.00062 	117.41 	-0.00076 	138.75
897986 	314 	39 	0.00375 	8.54 	-0.00433 	21.55
1650076 	22 	1 	0.00118 	-3.74 	-0.00130 	44.99
1523134 	-1 	0 	0.00004 	19.52 	-0.00003 	38.44
1690231 	-2 	0 	0.00012 	23.86 	-0.00008 	21.53
1036925 	-553 	54 	0.00862 	14.12 	-0.00542 	-34.21
808613 	400 	79 	0.00245 	-9.22 	-0.00252 	30.45
978641 	181 	34 	0.00314 	-23.45 	-0.00445 	4.92
1845614 	-77 	0 	0.00155 	32.56 	-0.00079 	39.75
1773232 	43 	0 	0.00122 	-20.51 	-0.00103 	-15.72
1683095 	-352 	5 	0.00708 	8.09 	-0.00742 	-2.59
1632026 	53 	6 	0.00395 	-36.11 	-0.00419 	-12.47
1732800 	-4 	0 	0.00114 	5.69 	-0.00084 	3.46
808937 	311 	55 	0.00264 	-21.35 	-0.00343 	14.67
1773015 	44 	0 	0.00088 	-27.15 	-0.00044 	-32.39
1756220 	9 	0 	0.00064 	-89.50 	-0.00072 	-81.13
861977 	-99 	8 	0.00343 	7.94 	-0.00307 	-8.67
946807 	48 	1 	0.00088 	-31.27 	-0.00102 	-24.95
1648212 	273 	43 	0.00335 	-14.41 	-0.00226 	22.34
781928 	-512 	15 	0.00369 	-0.08 	-0.00289 	-32.36
1649397 	-339 	3 	0.00665 	-62.91 	-0.00701 	-74.52
1773019 	17 	0 	0.00074 	-16.21 	-0.00075 	-5.51
1682657 	-699 	14 	0.01029 	7.44 	-0.01142 	-5.37
946129 	-448 	152 	0.00337 	21.62 	-0.00238 	-7.12
1845618 	9 	0 	0.00116 	-0.63 	-0.00059 	8.29
898118 	157 	17 	0.00253 	-1.15 	-0.00292 	37.89
965922 	-29 	4 	0.00528 	-14.45 	-0.00555 	19.06
1886309 	-1 	0 	0.00205 	-30.91 	-0.00200 	-39.23
1739052 	-83 	1 	0.00148 	-13.08 	-0.00212 	-26.97
861586 	273 	46 	0.00349 	-32.02 	-0.00322 	3.36
1609695 	-19 	0 	0.00226 	18.79 	-0.00180 	11.33
808373 	387 	71 	0.00235 	-30.62 	-0.00325 	26.78
1671036 	60 	1 	0.00094 	59.27 	-0.00076 	65.17
1769811 	-12 	0 	0.00069 	0.29 	-0.00084 	5.47
946340 	38 	1 	0.00105 	-30.17 	-0.00044 	-24.67
1774117 	-13 	0 	0.00138 	48.81 	-0.00121 	42.99
1051386 	-1067 	219 	0.00685 	86.66 	-0.00624 	49.59
1075683 	-352 	62 	0.00504 	44.13 	-0.00219 	1.65
1096234 	-140 	10 	0.00120 	-21.90 	-0.00110 	68.36
861417 	162 	30 	0.00287 	-9.52 	-0.00266 	23.49
966150 	-192 	23 	0.00373 	30.78 	-0.00399 	3.68
1059951 	-6 	1 	0.00354 	5.38 	-0.00278 	-12.85
861859 	322 	12 	0.00315 	-13.97 	-0.00216 	15.64
966289 	155 	17 	0.00284 	3.25 	-0.00414 	25.07
803342 	16 	0 	0.00054 	57.76 	-0.00066 	62.54
1737545 	0 	0 	0.00062 	3.80 	-0.00055 	-1.52
897503 	-1368 	250 	0.01011 	82.94 	-0.01016 	56.41
1632132 	124 	7 	0.00372 	0.11 	-0.00415 	12.63
808625 	137 	23 	0.00242 	-12.21 	-0.00192 	22.95
808349 	177 	31 	0.00579 	-25.33 	-0.00440 	-14.27
1653215 	-125 	6 	0.00386 	20.13 	-0.00308 	-13.96
1739068 	59 	0 	0.00123 	-30.83 	-0.00059 	-21.75
808593 	518 	90 	0.00322 	-1.11 	-0.00391 	30.77
803286 	13 	0 	0.00535 	-5.64 	-0.00236 	5.03
1769465 	-73 	0 	0.00053 	51.58 	-0.00012 	57.67
1685447 	-122 	6 	0.00196 	21.13 	-0.00225 	-3.86
803378 	-28 	0 	0.00306 	-2.99 	-0.00192 	-14.47
861265 	351 	51 	0.00366 	-12.52 	-0.00292 	14.75
1701810 	-115 	2 	0.00210 	-18.36 	-0.00213 	-28.77
861863 	249 	36 	0.00274 	-18.02 	-0.00319 	16.22
1523649 	-1 	0 	0.00003 	29.02 	-0.00005 	24.94
1172048 	300 	14 	0.00828 	7.61 	-0.00797 	17.18
1524366 	308 	6 	0.00673 	6.79 	-0.00551 	18.62
1096599 	-52 	3 	0.00153 	-48.77 	-0.00140 	-95.56
1756216 	50 	0 	0.00094 	-87.11 	-0.00055 	-81.08
979109 	-12 	1 	0.00228 	1.95 	-0.00216 	5.34
1648228 	-40 	0 	0.00239 	11.29 	-0.00220 	3.48
1095179 	-696 	142 	0.00701 	42.70 	-0.01351 	37.89
808901 	344 	60 	0.00201 	-36.10 	-0.00316 	30.34
1516173 	18 	1 	0.00080 	-26.20 	-0.00062 	20.34
1656312 	-153 	7 	0.00406 	15.06 	-0.00330 	6.50
965918 	-383 	15 	0.01170 	-6.98 	-0.00798 	-17.40
898122 	-754 	153 	0.00857 	83.25 	-0.00912 	53.99
946932 	-72 	2 	0.00098 	-26.44 	-0.00140 	-33.90
1647592 	-160 	2 	0.00325 	23.24 	-0.00344 	10.35
861103 	393 	64 	0.00327 	-25.45 	-0.00364 	-5.61
1655427 	1036 	430 	0.00515 	0.33 	-0.00539 	37.86
965914 	-196 	22 	0.00719 	25.29 	-0.00809 	-5.45
1634805 	-35 	5 	0.00232 	49.10 	-0.00223 	-9.75
1005089 	-278 	8 	0.01092 	-29.90 	-0.01078 	-39.16
1059464 	-109 	14 	0.00373 	10.69 	-0.00423 	-2.36
1648192 	172 	25 	0.00304 	-12.02 	-0.00210 	12.39
1096595 	83 	6 	0.00152 	-7.18 	-0.00106 	48.79
1075892 	-452 	106 	0.01021 	2.78 	-0.00098 	31.01
1648224 	-143 	3 	0.00279 	3.95 	-0.00395 	-12.71
1772770 	5 	0 	0.00200 	5.36 	-0.00136 	12.37
1634392 	92 	1 	0.00359 	-43.62 	-0.00172 	-50.71
897842 	-1960 	406 	0.01189 	86.15 	-0.01246 	55.85
897747 	107 	11 	0.00309 	-0.07 	-0.00229 	36.61
861269 	291 	50 	0.00201 	-13.13 	-0.00187 	27.52
803374 	-95 	1 	0.00453 	-49.81 	-0.00410 	-57.56
1050235 	-189 	24 	0.00196 	15.44 	-0.00204 	0.34
1523645 	0 	0 	0.00004 	31.12 	-0.00005 	17.30
1774121 	10 	0 	0.00058 	-1.85 	-0.00044 	4.94
1701275 	-90 	6 	0.00305 	4.48 	-0.00260 	-3.90
979303 	259 	4 	0.00918 	8.03 	-0.00853 	17.95
861421 	-266 	5 	0.00494 	5.64 	-0.00456 	-7.15
861606 	323 	12 	0.00371 	-10.83 	-0.00373 	12.98
808629 	330 	57 	0.00224 	-36.48 	-0.00168 	18.47
808345 	95 	17 	0.00447 	-37.67 	-0.00336 	-57.58
978911 	394 	84 	0.00300 	-46.79 	-0.00302 	6.92
851976 	-215 	2 	0.00638 	17.66 	-0.00650 	8.43
1626892 	-529 	391 	0.00105 	23.39 	-0.00115 	-79.34
1307820 	-1 	0 	0.00010 	-28.80 	-0.00009 	-6.57
1740432 	-27 	0 	0.00116 	31.50 	-0.00069 	34.95
1702253 	-103 	1 	0.00165 	-34.16 	-0.00175 	-43.34
808985 	593 	110 	0.00556 	-12.88 	-0.00413 	16.01
1020634 	-1072 	445 	0.00703 	14.49 	-0.00535 	-10.13
1648188 	289 	20 	0.00400 	-26.76 	-0.00466 	3.19
808917 	358 	62 	0.00426 	-34.85 	-0.00326 	60.30
1845182 	-56 	1 	0.00040 	108.21 	-0.00021 	115.47
1050429 	93 	9 	0.00231 	9.14 	-0.00230 	21.26
861119 	-1248 	156 	0.00792 	6.86 	-0.00778 	-25.15
1685238 	-2 	0 	0.00007 	26.41 	-0.00005 	33.16
946924 	-727 	59 	0.00697 	2.04 	-0.00528 	-28.39
1115128 	540 	87 	0.00377 	-25.25 	-0.00389 	10.83
966010 	-352 	13 	0.00626 	31.58 	-0.00685 	21.47
808633 	251 	46 	0.00223 	-39.58 	-0.00194 	-15.90
978661 	402 	75 	0.00295 	-23.21 	-0.00286 	3.94
851522 	-2177 	455 	0.01545 	83.27 	-0.01196 	55.89
1699646 	-99 	1 	0.00304 	-7.34 	-0.00360 	-17.03
1739933 	-164 	1 	0.00285 	44.84 	-0.00318 	33.08
946791 	7 	1 	0.00190 	12.50 	-0.00106 	24.85
851694 	-1475 	305 	0.01000 	80.44 	-0.01070 	57.40
808585 	483 	86 	0.00560 	-9.40 	-0.00353 	16.83
861557 	565 	96 	0.00285 	-30.10 	-0.00269 	14.45
1523114 	1 	0 	0.00005 	23.58 	-0.00004 	34.09
861875 	237 	5 	0.00424 	-8.65 	-0.00338 	4.16
861273 	381 	65 	0.00217 	-34.54 	-0.00220 	7.39
1685451 	-554 	9 	0.01241 	6.82 	-0.01236 	-3.52
921734 	-110 	2 	0.00237 	6.88 	-0.00248 	-4.60
861879 	-512 	40 	0.00460 	14.00 	-0.00515 	-28.71
1515818 	2 	1 	0.00115 	-3.57 	-0.00094 	36.88
1523956 	317 	8 	0.00790 	7.08 	-0.00577 	17.55
1653544 	10 	2 	0.00189 	-21.14 	-0.00131 	-91.21
860696 	18 	0 	0.00137 	-5.65 	-0.00019 	14.71
1656062 	1322 	467 	0.00533 	0.03 	-0.00551 	32.46
1632128 	61 	7 	0.00322 	-39.75 	-0.00245 	-21.66
1738742 	-105 	1 	0.00301 	39.24 	-0.00285 	29.11
1684293 	59 	3 	0.00234 	-10.54 	-0.00229 	0.38
1036909 	-1127 	121 	0.00899 	6.74 	-0.00993 	-26.87
1610516 	12 	0 	0.00110 	12.48 	-0.00069 	19.97
1076099 	326 	42 	0.00454 	-11.56 	-0.00540 	37.46
851698 	33 	0 	0.00136 	-23.43 	-0.00111 	-12.53
808589 	352 	61 	0.00563 	-3.99 	-0.00409 	19.90
1626884 	-115 	85 	0.00176 	30.65 	-0.00199 	-26.57
898519 	5 	2 	0.00209 	-29.02 	-0.00220 	7.08
808353 	371 	65 	0.00516 	-20.01 	-0.00342 	-1.95
1610937 	93 	6 	0.00246 	-39.01 	-0.00215 	-21.87
978907 	302 	59 	0.00330 	-27.07 	-0.00277 	14.17
1655431 	703 	292 	0.00285 	12.46 	-0.00368 	41.45
1770392 	-106 	1 	0.00290 	34.46 	-0.00331 	25.18
861115 	162 	6 	0.00354 	-0.82 	-0.00301 	9.99
1685234 	-461 	7 	0.01265 	7.08 	-0.01175 	-2.74
946928 	90 	7 	0.00223 	-3.80 	-0.00319 	6.08
1632341 	-22 	0 	0.00129 	-2.08 	-0.00082 	-9.60
833583 	14 	0 	0.00167 	-4.11 	-0.00137 	6.28
1656308 	-230 	45 	0.00176 	-29.93 	-0.00180 	-53.71
1115124 	352 	58 	0.00229 	-31.92 	-0.00279 	14.78
1115600 	237 	44 	0.00191 	-28.43 	-0.00303 	-0.45
1096583 	105 	8 	0.00240 	-50.00 	-0.00172 	30.76
976734 	333 	3 	0.01052 	7.84 	-0.00923 	17.30
1627002 	3258 	47966 	0.01588 	64.96 	-0.00325 	23.05
1754803 	22 	0 	0.00089 	-28.26 	-0.00049 	-22.95
1020638 	-958 	405 	0.00512 	21.82 	-0.00455 	-55.66
808989 	-231 	5 	0.00393 	3.14 	-0.00436 	-8.15
861079 	207 	35 	0.00327 	-11.41 	-0.00312 	27.29
1648184 	68 	10 	0.00195 	-17.61 	-0.00207 	-0.41
1649590 	-99 	1 	0.00206 	1.61 	-0.00238 	-13.87
1754794 	49 	0 	0.00096 	-36.19 	-0.00094 	-19.27
1050907 	-1740 	327 	0.00956 	90.08 	-0.01333 	50.51
1772766 	21 	0 	0.00064 	-31.23 	-0.00068 	-41.60
979113 	281 	3 	0.00912 	8.04 	-0.00834 	16.80
1771762 	-35 	0 	0.00163 	50.20 	-0.00117 	42.41
833567 	20 	0 	0.00185 	-15.86 	-0.00099 	-7.24
1514584 	-37 	2 	0.00062 	-54.93 	-0.00047 	-99.11
1515401 	168 	8 	0.00070 	144.42 	-0.00077 	134.58
1739425 	-109 	2 	0.00318 	21.43 	-0.00120 	-10.98
1770376 	-8 	0 	0.00037 	19.73 	-0.00035 	25.42
1115152 	469 	79 	0.00301 	-5.24 	-0.00285 	21.11
1004092 	-226 	7 	0.01420 	-28.88 	-0.01249 	-39.68
976742 	298 	6 	0.00961 	8.03 	-0.00805 	16.53
1049999 	-22 	130 	0.01498 	42.04 	-0.01631 	18.11
1515626 	-1443 	61 	0.00588 	57.54 	-0.00356 	66.88
1095187 	-1965 	437 	0.00989 	23.33 	-0.00270 	14.33
1059168 	72 	196 	0.00769 	-5.70 	-0.00997 	0.32
1737882 	-62 	0 	0.00311 	-51.67 	-0.00306 	-59.97
1700495 	-173 	2 	0.00395 	9.51 	-0.00391 	1.31
1739393 	-1 	0 	0.00065 	25.19 	-0.00058 	22.52
1096567 	92 	7 	0.00210 	-50.20 	-0.00157 	-80.28
977655 	-654 	62 	0.00623 	26.06 	-0.00691 	12.79
1059907 	-66 	6 	0.00305 	14.94 	-0.00177 	-2.50
1701287 	-116 	8 	0.00295 	3.73 	-0.00259 	-5.27
946687 	-1365 	145 	0.00788 	7.85 	-0.00770 	-23.16
1916030 	-4 	0 	0.00112 	17.58 	-0.00072 	33.43
1036432 	-366 	29 	0.00383 	-5.09 	-0.00470 	-26.65
1649818 	49 	0 	0.00244 	-9.86 	-0.00144 	-18.45
803386 	159 	3 	0.00396 	-7.36 	-0.00487 	1.68
1005559 	-410 	13 	0.01087 	-29.13 	-0.01038 	-37.63
1050255 	22 	2 	0.00226 	-2.15 	-0.00166 	10.95
808649 	417 	70 	0.00328 	-25.15 	-0.00427 	7.25
1115638 	233 	44 	0.00203 	-16.11 	-0.00210 	-3.57
803278 	17 	0 	0.00506 	-5.91 	-0.00244 	4.79
1633390 	79 	1 	0.00220 	-46.76 	-0.00222 	-43.16
808645 	478 	81 	0.00327 	-28.46 	-0.00349 	-1.73
1168523 	340 	10 	0.00923 	8.03 	-0.00837 	17.35
1738738 	151 	2 	0.00611 	-6.32 	-0.00561 	0.36
1115634 	311 	52 	0.00208 	-23.58 	-0.00193 	21.72
1737473 	-90 	1 	0.00185 	7.19 	-0.00205 	-23.36
1115358 	499 	88 	0.00309 	-14.59 	-0.00248 	10.59
860780 	-3 	0 	0.00016 	14.71 	-0.00028 	-8.92
1514270 	-67 	2 	0.00080 	39.71 	-0.00078 	15.58
1683851 	1 	1 	0.00164 	40.79 	-0.00171 	12.52
1168668 	340 	10 	0.00985 	7.86 	-0.00880 	17.56
1513959 	-170 	7 	0.00111 	82.57 	-0.00065 	68.56
1050411 	-122 	15 	0.00244 	16.27 	-0.00265 	6.02
1647903 	-244 	2 	0.00532 	-44.73 	-0.00575 	-54.29
1649814 	420 	7 	0.00642 	-42.62 	-0.00401 	-32.12
1648669 	-256 	2 	0.00564 	-49.41 	-0.00613 	-58.94
861891 	-140 	1 	0.00441 	19.61 	-0.00378 	27.24
921721 	-3 	0 	0.00027 	16.31 	-0.00030 	10.80
1523629 	-2 	0 	0.00009 	32.41 	-0.00003 	35.74
1740444 	-57 	0 	0.00143 	-50.55 	-0.00171 	-60.14
1702225 	-117 	1 	0.00181 	-35.01 	-0.00188 	-46.88
1020642 	-755 	315 	0.00627 	26.93 	-0.00323 	-1.23
808961 	393 	68 	0.00638 	-9.75 	-0.00414 	11.50
1059164 	-84 	9 	0.00366 	28.96 	-0.00442 	-2.02
861091 	243 	8 	0.00385 	-7.20 	-0.00351 	11.25
838283 	64 	3 	0.00262 	-21.76 	-0.00250 	-14.08
1682864 	-495 	9 	0.00881 	12.15 	-0.00942 	-4.14
1669993 	37 	1 	0.00123 	-3.25 	-0.00090 	3.43
978411 	421 	74 	0.00297 	-31.15 	-0.00210 	10.45
1096407 	-76 	6 	0.00253 	26.90 	-0.00161 	-99.80
1739429 	-48 	1 	0.00324 	26.99 	-0.00118 	-7.16
1704156 	-164 	2 	0.00365 	9.05 	-0.00368 	1.23
978899 	341 	70 	0.00297 	-29.10 	-0.00286 	60.26
1513943 	-85 	4 	0.00060 	127.04 	-0.00042 	100.96
1610488 	6 	0 	0.00101 	11.75 	-0.00083 	19.81
921851 	81 	1 	0.00078 	-66.58 	-0.00063 	-76.11
1036424 	-329 	25 	0.00359 	14.18 	-0.00295 	-25.85
1683321 	-346 	5 	0.00838 	6.24 	-0.00807 	-2.56
1740258 	-139 	1 	0.00224 	3.22 	-0.00266 	-18.07
1115342 	464 	74 	0.00345 	-26.59 	-0.00228 	-7.32
1845513 	-23 	0 	0.00148 	7.03 	-0.00126 	-2.03
833571 	-47 	2 	0.00139 	16.06 	-0.00125 	31.91
977464 	240 	3 	0.00786 	8.14 	-0.00717 	17.16
1515417 	-275 	10 	0.00199 	71.40 	-0.00180 	62.71
1647075 	-84 	1 	0.00278 	-7.32 	-0.00235 	-19.95
1632321 	75 	8 	0.00418 	-0.10 	-0.00439 	-3.16
837264 	8 	0 	0.00160 	-14.46 	-0.00058 	-7.24
1020658 	-670 	232 	0.00431 	19.77 	-0.00527 	-16.91
946169 	-16 	0 	0.00105 	5.19 	-0.00034 	15.54
1634052 	-23 	0 	0.00160 	-1.52 	-0.00139 	-21.47
1096571 	34 	4 	0.00167 	-12.74 	-0.00149 	18.04
1739385 	-67 	0 	0.00097 	34.33 	-0.00026 	41.78
1219453 	-488 	200 	0.00546 	15.84 	-0.00379 	-21.23
1514822 	52 	2 	0.00034 	140.90 	-0.00061 	118.55
1737894 	-117 	1 	0.00310 	-49.18 	-0.00334 	-58.37
946165 	-7 	0 	0.00105 	12.53 	-0.00043 	15.82
1020654 	-344 	114 	0.00386 	-36.77 	-0.00616 	-21.61
1771317 	-14 	0 	0.00080 	20.77 	-0.00071 	12.60
1740452 	-5 	0 	0.00101 	15.23 	-0.00107 	8.71
1004088 	-378 	11 	0.01262 	-21.63 	-0.01257 	-41.16
1739677 	-106 	1 	0.00322 	5.20 	-0.00275 	-4.13
1739389 	-36 	0 	0.00086 	25.17 	-0.00059 	22.69
1513802 	53 	2 	0.00079 	66.58 	-0.00128 	60.68
808977 	525 	90 	0.00351 	-22.05 	-0.00252 	19.53
861087 	-227 	15 	0.00458 	12.48 	-0.00507 	-0.41
978407 	361 	67 	0.00304 	-24.10 	-0.00412 	3.79
1037571 	-1172 	117 	0.00781 	3.45 	-0.00910 	-25.02
1889345 	50 	0 	0.00108 	-28.37 	-0.00057 	-34.21
1704140 	-167 	2 	0.00366 	9.05 	-0.00366 	1.44
1115148 	531 	91 	0.00479 	-14.48 	-0.00319 	-3.47
1755711 	6 	0 	0.00098 	-7.56 	-0.00069 	-4.95
1647079 	-76 	1 	0.00259 	-5.68 	-0.00262 	-19.42
1890074 	15 	0 	0.00182 	-3.81 	-0.00106 	1.42
1096411 	-99 	7 	0.00186 	38.59 	-0.00182 	63.11
837268 	-5 	0 	0.00131 	-1.54 	-0.00126 	-18.55
808577 	453 	84 	0.00468 	-21.32 	-0.00406 	1.69
808653 	357 	62 	0.00348 	-25.06 	-0.00415 	5.09
1683847 	-694 	12 	0.01286 	8.62 	-0.01305 	-3.40
1633053 	-160 	20 	0.00237 	-7.71 	-0.00243 	-25.85
1740254 	-138 	1 	0.00256 	1.53 	-0.00275 	-16.61
1514798 	64 	3 	0.00061 	101.02 	-0.00070 	118.94
1700718 	-158 	2 	0.00344 	8.83 	-0.00347 	0.73
897838 	2 	1 	0.00201 	17.75 	-0.00262 	28.94
1020288 	14 	1 	0.00275 	7.30 	-0.00189 	16.69
978895 	363 	73 	0.00203 	-47.30 	-0.00215 	11.02
946965 	-1 	0 	0.00098 	-21.44 	-0.00104 	-34.66
861887 	379 	14 	0.00372 	-7.89 	-0.00493 	10.44
977895 	-23 	2 	0.00256 	14.29 	-0.00153 	-8.46
861281 	-656 	56 	0.00584 	5.00 	-0.00519 	-32.83
1610699 	192 	13 	0.00456 	-30.76 	-0.00301 	-15.06
808305 	428 	73 	0.00222 	-39.75 	-0.00244 	-10.60
1733102 	53 	0 	0.00358 	-18.26 	-0.00323 	-11.05
1845007 	-1 	0 	0.00100 	2.01 	-0.00060 	-7.14
1648940 	-99 	1 	0.00207 	0.91 	-0.00277 	-9.08
1683317 	-155 	7 	0.00240 	14.57 	-0.00242 	-6.25
1096242 	-649 	145 	0.01019 	7.18 	-0.00498 	70.89
1036412 	-1178 	140 	0.00640 	7.86 	-0.00612 	-27.03
1610299 	10 	0 	0.00056 	10.95 	-0.00068 	22.03
851835 	-1174 	250 	0.00708 	86.27 	-0.00641 	53.83
1096547 	-13 	3 	0.00172 	26.68 	-0.00158 	48.62
1005782 	-326 	9 	0.01104 	-29.22 	-0.01079 	-36.64
1515991 	97 	4 	0.00153 	-24.49 	-0.00180 	-11.14
1514814 	21 	1 	0.00033 	19.95 	-0.00032 	63.00
1739321 	-78 	1 	0.00176 	-50.69 	-0.00231 	-62.72
1834743 	29 	0 	0.00117 	-33.63 	-0.00073 	-23.03
1683511 	-151 	7 	0.00305 	18.00 	-0.00307 	-3.54
1219098 	-419 	167 	0.00564 	17.24 	-0.00536 	-7.04
946033 	1 	0 	0.00089 	-35.96 	-0.00070 	-16.21
1703780 	-75 	1 	0.00188 	5.99 	-0.00141 	-3.43
1219924 	-1626 	857 	0.00579 	23.09 	-0.00708 	55.79
1096427 	19 	3 	0.00165 	-59.62 	-0.00164 	93.18
1699837 	-158 	5 	0.00376 	-0.25 	-0.00303 	-8.10
979149 	192 	36 	0.00287 	-31.64 	-0.00234 	15.50
861993 	274 	44 	0.00272 	-12.59 	-0.00214 	30.56
808941 	197 	37 	0.00179 	-16.95 	-0.00314 	18.42
1059144 	-168 	77 	0.00717 	0.02 	-0.00193 	25.99
1020662 	-687 	247 	0.00488 	68.78 	-0.00345 	-11.20
1051168 	-1313 	254 	0.00880 	88.24 	-0.00884 	52.09
946153 	233 	34 	0.00342 	-7.42 	-0.00282 	19.80
978387 	247 	47 	0.00217 	-18.10 	-0.00222 	24.20
1845146 	257 	6 	0.00532 	-24.55 	-0.00271 	-10.50
978113 	394 	9 	0.01150 	7.74 	-0.00981 	17.41
1656038 	1145 	426 	0.00619 	-0.61 	-0.00509 	32.02
1647923 	197 	4 	0.00384 	-10.94 	-0.00375 	2.04
1889651 	10 	0 	0.00068 	-88.02 	-0.00063 	-80.30
1670381 	4 	0 	0.00049 	47.50 	-0.00067 	53.10
1524749 	310 	6 	0.00574 	7.76 	-0.00600 	19.27
1739028 	2 	0 	0.00070 	14.26 	-0.00066 	26.99
1611213 	-5 	1 	0.00171 	-1.06 	-0.00188 	-3.92
808309 	182 	32 	0.00336 	-35.54 	-0.00183 	-6.32
1523142 	0 	0 	0.00006 	24.14 	-0.00005 	35.41
1754283 	78 	0 	0.00185 	-34.54 	-0.00151 	-28.37
1513782 	31 	1 	0.00048 	-111.51 	-0.00038 	-63.61
1115378 	178 	31 	0.00162 	0.04 	-0.00167 	16.75
1699610 	-108 	1 	0.00221 	-7.44 	-0.00321 	-19.27
1773698 	1 	0 	0.00087 	-5.76 	-0.00047 	-13.63
1739965 	-124 	1 	0.00241 	41.55 	-0.00292 	33.49
966046 	126 	13 	0.00408 	5.53 	-0.00287 	16.79
978637 	338 	66 	0.00381 	-25.45 	-0.00223 	-9.80
1514802 	11 	2 	0.00127 	-16.35 	-0.00127 	7.56
1769755 	5 	0 	0.00092 	19.65 	-0.00120 	14.00
861989 	363 	62 	0.00302 	-10.44 	-0.00230 	26.88
1096551 	154 	11 	0.00142 	-57.21 	-0.00140 	-53.95
1886297 	-18 	0 	0.00142 	9.99 	-0.00079 	2.19
1020678 	-451 	155 	0.00437 	9.13 	-0.00486 	-61.10
946149 	43 	6 	0.00114 	-17.01 	-0.00166 	-9.26
1647272 	-29 	0 	0.00204 	11.87 	-0.00236 	2.54
1700132 	-171 	2 	0.00402 	7.06 	-0.00427 	-1.84
1756168 	-19 	0 	0.00051 	106.76 	-0.00047 	104.13
897633 	-751 	136 	0.00699 	81.42 	-0.00856 	57.90
1732900 	-72 	0 	0.00181 	32.47 	-0.00085 	26.95
1514395 	-86 	4 	0.00097 	53.60 	-0.00044 	31.97
1514604 	103 	3 	0.00091 	-73.17 	-0.00051 	-64.72
1523015 	251 	3 	0.00673 	8.35 	-0.00581 	18.73
1020133 	42 	3 	0.00212 	-12.28 	-0.00179 	25.61
1683507 	-420 	6 	0.01114 	6.17 	-0.01055 	-2.25
1524189 	244 	5 	0.00633 	8.17 	-0.00633 	18.72
1611209 	-39 	0 	0.00199 	18.32 	-0.00153 	12.55
808313 	300 	51 	0.00351 	-30.40 	-0.00246 	-6.82
861574 	359 	13 	0.00370 	-11.45 	-0.00515 	9.13
808381 	513 	88 	0.00373 	-26.57 	-0.00225 	30.18
1773682 	4 	0 	0.00050 	12.59 	-0.00052 	6.11
1633410 	3 	0 	0.00128 	-7.99 	-0.00110 	-16.41
1096254 	-0 	6 	0.00250 	86.52 	-0.00218 	-25.02
862005 	350 	49 	0.00245 	-17.57 	-0.00240 	15.33
1050263 	105 	13 	0.00344 	8.49 	-0.00211 	20.65
1171163 	215 	8 	0.00923 	7.84 	-0.00789 	17.15
978109 	-85 	7 	0.00369 	4.55 	-0.00289 	-1.61
1075671 	218 	29 	0.00282 	16.92 	-0.00371 	34.32
1889647 	14 	0 	0.00064 	-86.97 	-0.00074 	-81.66
1647935 	-194 	2 	0.00356 	-28.09 	-0.00446 	-37.54
1096258 	-1197 	105 	0.00698 	20.28 	-0.00926 	109.43
862009 	341 	13 	0.00379 	-12.43 	-0.00376 	6.80
978105 	-666 	68 	0.00857 	26.93 	-0.00845 	12.95
861730 	-197 	13 	0.00412 	12.58 	-0.00331 	1.52
1653340 	-218 	42 	0.00175 	-30.76 	-0.00179 	-50.05
1513794 	-8 	0 	0.00068 	-25.90 	-0.00059 	14.27
1525000 	305 	11 	0.00712 	7.39 	-0.00721 	19.65
1611121 	-27 	0 	0.00212 	18.31 	-0.00167 	11.27
861578 	251 	37 	0.00316 	-12.14 	-0.00286 	14.21
1700170 	-177 	2 	0.00406 	6.94 	-0.00373 	-0.20
1632164 	145 	2 	0.00232 	-48.21 	-0.00155 	-42.36
1703502 	-74 	1 	0.00186 	-1.82 	-0.00150 	-20.28
1515088 	-45 	5 	0.00082 	38.79 	-0.00064 	8.47
1096431 	-13 	2 	0.00162 	-117.73 	-0.00160 	-32.48
1115168 	229 	39 	0.00262 	0.03 	-0.00246 	11.80
1514608 	25 	1 	0.00048 	-31.15 	-0.00054 	12.66
1773176 	-69 	1 	0.00073 	97.87 	-0.00067 	78.79
838248 	-224 	3 	0.00740 	16.28 	-0.00716 	7.17
978427 	395 	99 	0.00362 	-5.41 	-0.00290 	7.39
1848886 	-19 	0 	0.00182 	31.58 	-0.00119 	38.41
808957 	403 	72 	0.00731 	-17.77 	-0.00562 	6.07
861985 	200 	28 	0.00228 	-16.25 	-0.00288 	23.38
1170459 	292 	12 	0.01006 	7.76 	-0.00973 	17.99
1845150 	43 	0 	0.00167 	-34.12 	-0.00058 	-25.46
946145 	29 	4 	0.00108 	18.69 	-0.00173 	-23.21
1020674 	-452 	170 	0.00488 	-9.16 	-0.00313 	-59.26
978391 	138 	27 	0.00212 	-27.35 	-0.00283 	6.40
1738499 	-74 	1 	0.00293 	9.93 	-0.00288 	-1.61
1115568 	171 	29 	0.00234 	-9.23 	-0.00211 	3.55
1610703 	7 	0 	0.00144 	14.49 	-0.00109 	22.02
966142 	-1359 	228 	0.00952 	86.74 	-0.00981 	41.47
1171759 	212 	4 	0.00942 	8.09 	-0.00779 	17.48
1737557 	-56 	0 	0.00076 	20.73 	-0.00037 	37.94
1050780 	-786 	155 	0.00729 	86.08 	-0.00824 	50.34
1656050 	701 	284 	0.00244 	-3.64 	-0.00243 	44.76
1051394 	-903 	200 	0.00607 	91.89 	-0.00634 	46.58
1634797 	-40 	0 	0.00245 	0.41 	-0.00141 	-21.81
1889639 	7 	0 	0.00062 	-86.52 	-0.00071 	-82.35
978859 	-94 	8 	0.00334 	4.12 	-0.00327 	-0.76
861405 	360 	13 	0.00405 	-10.71 	-0.00481 	11.20
1513778 	-157 	5 	0.00190 	73.89 	-0.00183 	65.42
1883273 	6 	0 	0.00040 	-28.65 	-0.00058 	-32.12
1685000 	-141 	7 	0.00352 	12.61 	-0.00285 	-10.87
808361 	189 	38 	0.00584 	-14.46 	-0.00382 	12.48
1632188 	28 	0 	0.00167 	-15.99 	-0.00112 	-8.94
897998 	63 	7 	0.00419 	3.63 	-0.00253 	27.64
1514238 	29 	1 	0.00047 	-13.21 	-0.00057 	4.71
1739040 	-118 	1 	0.00338 	-1.93 	-0.00320 	-15.22
1051422 	-762 	144 	0.00489 	112.24 	-0.00636 	48.51
861594 	-500 	39 	0.00413 	7.02 	-0.00488 	-23.38
1515064 	82 	4 	0.00033 	70.18 	-0.00047 	108.14
1095052 	-1516 	334 	0.01089 	22.22 	-0.00286 	39.29
1115184 	133 	23 	0.00225 	7.57 	-0.00157 	43.78
1115116 	341 	61 	0.00192 	-32.77 	-0.00365 	3.51
1609758 	-10 	0 	0.00172 	19.96 	-0.00124 	12.62
1634821 	-10 	0 	0.00209 	-1.94 	-0.00078 	-16.01
1626994 	1324 	900 	0.00516 	-42.66 	-0.00646 	-8.20
897641 	163 	16 	0.00243 	-3.67 	-0.00352 	14.50
965833 	-1612 	227 	0.01274 	91.53 	-0.01217 	61.38
798940 	1 	0 	0.00055 	9.25 	-0.00072 	15.20
1756188 	-20 	0 	0.00075 	19.72 	-0.00064 	26.11
808929 	404 	87 	0.00320 	-34.07 	-0.00515 	1.90
946137 	277 	43 	0.00278 	-13.83 	-0.00359 	14.60
1755564 	-156 	0 	0.00157 	80.25 	-0.00143 	65.26
1115651 	217 	42 	0.00220 	-30.49 	-0.00302 	7.08
1094907 	237 	160 	0.00542 	23.55 	-0.00483 	36.86
1058987 	15 	2 	0.00345 	3.47 	-0.00377 	38.27
1772758 	-7 	0 	0.00098 	20.54 	-0.00064 	12.75
1773007 	-18 	0 	0.00095 	11.36 	-0.00076 	-0.47
838339 	-12 	0 	0.00178 	-11.64 	-0.00186 	-18.29
1168967 	285 	6 	0.00913 	7.86 	-0.00895 	17.28
808925 	407 	69 	0.00372 	-34.33 	-0.00396 	-0.09
1699853 	-168 	8 	0.00362 	1.04 	-0.00349 	-6.91
976542 	8076 	9760 	0.00668 	-3.67 	-0.14068 	-0.39
946916 	-146 	11 	0.00346 	12.44 	-0.00499 	2.27
1626998 	1885 	1371 	0.00617 	-29.69 	-0.00643 	71.82
1051142 	-1609 	304 	0.01045 	96.17 	-0.00876 	45.58
978653 	457 	86 	0.00271 	-21.47 	-0.00274 	14.26
966022 	-504 	21 	0.01038 	-7.48 	-0.01054 	-21.54
808601 	425 	73 	0.00288 	-30.19 	-0.00277 	25.21
1650064 	-245 	2 	0.00606 	-65.23 	-0.00649 	-75.73
1523126 	0 	0 	0.00004 	23.89 	-0.00003 	33.29
1523425 	-1 	0 	0.00005 	24.71 	-0.00005 	21.56
1514234 	-117 	5 	0.00083 	90.01 	-0.00055 	73.02
897994 	-418 	18 	0.00746 	-4.80 	-0.00880 	-19.53
1020324 	-39 	3 	0.00298 	21.61 	-0.00351 	3.59
861598 	343 	50 	0.00341 	-11.67 	-0.00313 	16.08
861742 	433 	78 	0.00319 	-26.28 	-0.00284 	2.79
1774109 	-66 	0 	0.00135 	21.11 	-0.00083 	26.97
1889635 	24 	0 	0.00067 	-86.89 	-0.00063 	-82.53
1515826 	17 	2 	0.00093 	-33.06 	-0.00079 	12.41
861409 	203 	32 	0.00308 	-10.60 	-0.00388 	15.76
1095044 	3016 	428 	0.00130 	55.79 	-0.01253 	46.20
1733776 	8 	0 	0.00078 	-10.24 	-0.00080 	-16.20
1655415 	798 	295 	0.00512 	-9.78 	-0.00356 	32.52
1019954 	-63 	5 	0.00319 	10.77 	-0.00419 	1.93
1632609 	-107 	6 	0.00452 	21.23 	-0.00290 	-1.79
1649602 	-160 	10 	0.00307 	21.80 	-0.00269 	11.53
1169203 	316 	8 	0.01055 	7.89 	-0.00963 	16.96
1096535 	-112 	9 	0.00191 	89.98 	-0.00201 	-21.83
1648216 	-118 	8 	0.00549 	-7.18 	-0.00286 	-21.92
1050923 	-1698 	340 	0.01003 	90.04 	-0.01169 	48.70
1649393 	232 	4 	0.00525 	-36.90 	-0.00456 	-30.89
861758 	228 	32 	0.00179 	-22.00 	-0.00280 	12.82
966154 	-463 	21 	0.01102 	-7.13 	-0.00857 	-18.51
813123 	-119 	14 	0.00465 	-9.79 	-0.00594 	1.71
861413 	243 	44 	0.00283 	-15.57 	-0.00225 	16.20
1004254 	-354 	11 	0.01124 	-28.43 	-0.01077 	-38.75
1649195 	-185 	2 	0.00182 	-32.88 	-0.00321 	-43.00
1050420 	39 	5 	0.00329 	-1.54 	-0.00274 	16.33
978649 	272 	50 	0.00312 	-22.48 	-0.00285 	6.62
1115394 	240 	40 	0.00183 	-21.52 	-0.00274 	6.20
861582 	240 	40 	0.00290 	-33.54 	-0.00355 	-2.28
1610913 	-14 	0 	0.00160 	16.42 	-0.00077 	10.65
808377 	356 	60 	0.00378 	-27.03 	-0.00245 	25.82
978923 	342 	66 	0.00317 	-25.81 	-0.00352 	3.97
808617 	122 	23 	0.00280 	58.23 	-0.00257 	-58.16
1051154 	-1377 	268 	0.00810 	84.54 	-0.00832 	47.46
978645 	385 	79 	0.00317 	-33.96 	-0.00306 	6.50
1524173 	249 	7 	0.00677 	9.02 	-0.00601 	19.04
1050043 	24532 	57460 	0.05035 	23.40 	-0.19059 	25.20
1219672 	-839 	447 	0.00514 	18.15 	-0.00623 	-50.76
861754 	1242 	4 	0.00817 	-70.36 	-0.00400 	-59.25
966158 	207 	33 	0.00199 	6.84 	-0.00309 	18.49
1649199 	-132 	8 	0.00207 	30.41 	-0.00228 	-12.01
1703498 	-43 	1 	0.00244 	1.19 	-0.00178 	-22.09
946803 	-118 	8 	0.00348 	9.34 	-0.00435 	-3.54
1115628 	398 	67 	0.00235 	-8.73 	-0.00304 	12.24
798935 	-537 	10 	0.00673 	7.27 	-0.00384 	28.92
1732896 	-2 	0 	0.00058 	8.90 	-0.00061 	11.40
1844993 	4 	0 	0.00025 	9.59 	-0.00028 	14.18
808933 	354 	65 	0.00305 	-23.67 	-0.00395 	14.55
1020682 	-664 	214 	0.00495 	28.80 	-0.00516 	-39.51
1773011 	-11 	0 	0.00119 	10.98 	-0.00045 	8.50
1756192 	-9 	0 	0.00035 	21.36 	-0.00016 	9.79
781920 	-279 	6 	0.00184 	6.70 	-0.00186 	-39.73
1005425 	-374 	12 	0.01107 	-28.91 	-0.01085 	-37.61
1096539 	-79 	6 	0.00150 	52.32 	-0.00184 	-34.08
1058991 	-49 	4 	0.00388 	9.28 	-0.00325 	-6.86
1650318 	-154 	1 	0.00425 	-21.56 	-0.00259 	-36.36
1632022 	-148 	8 	0.00337 	9.82 	-0.00247 	-8.60
1095048 	-396 	138 	0.00768 	21.54 	-0.00515 	12.60
976554 	253 	4 	0.01239 	8.27 	-0.01112 	17.72
1655419 	200 	47 	0.00185 	2.65 	-0.00186 	32.76
1773236 	-5 	0 	0.00128 	-10.77 	-0.00093 	-16.48
1886301 	88 	1 	0.00197 	-5.14 	-0.00153 	7.92
1754786 	63 	0 	0.00117 	-28.82 	-0.00073 	-23.36
808909 	180 	30 	0.00293 	-36.14 	-0.00194 	-63.06
979101 	287 	2 	0.00922 	7.55 	-0.00878 	17.69
1772774 	-23 	0 	0.00173 	5.79 	-0.00172 	-0.10
1648220 	294 	45 	0.00304 	-7.77 	-0.00360 	12.62
1096591 	1 	2 	0.00186 	-40.34 	-0.00179 	39.93
1634020 	-34 	0 	0.00148 	-0.45 	-0.00116 	-23.09
1648196 	-340 	19 	0.00176 	10.37 	-0.00231 	-5.26
1059460 	76 	10 	0.00309 	1.89 	-0.00308 	23.23
1632353 	141 	17 	0.00364 	-37.45 	-0.00384 	-7.07
1647620 	-107 	2 	0.00539 	1.77 	-0.00441 	-15.90
1649413 	44 	2 	0.00166 	9.30 	-0.00178 	41.50
1634801 	104 	1 	0.00318 	-47.40 	-0.00127 	-43.49
1019962 	-50 	4 	0.00338 	14.09 	-0.00278 	3.20
1655423 	261 	60 	0.00227 	5.59 	-0.00182 	41.33
1169635 	344 	9 	0.01021 	8.60 	-0.00932 	17.94
861107 	-371 	8 	0.00647 	7.59 	-0.00475 	-1.67
1849258 	-14 	0 	0.00025 	41.30 	-0.00017 	32.26
1632018 	-20 	0 	0.00191 	1.27 	-0.00102 	-18.18
898261 	-2026 	447 	0.01141 	81.70 	-0.01048 	57.00
851972 	-1397 	315 	0.00864 	84.14 	-0.00836 	55.14
978915 	170 	32 	0.00340 	-25.85 	-0.00262 	-5.01
1671568 	56 	1 	0.00198 	12.63 	-0.00214 	22.57
1647895 	-97 	4 	0.00193 	42.87 	-0.00194 	28.12
861602 	350 	13 	0.00352 	-1.33 	-0.00401 	12.89
1633366 	-57 	7 	0.00362 	25.22 	-0.00189 	-0.80
1513758 	-70 	3 	0.00072 	144.71 	-0.00057 	127.79
1738750 	19 	0 	0.00081 	-81.65 	-0.00072 	-75.26
979307 	244 	3 	0.00925 	8.08 	-0.00889 	18.06
861425 	-514 	40 	0.00541 	7.71 	-0.00402 	-29.68
1656070 	741 	234 	0.00586 	-9.05 	-0.00425 	30.63
1523641 	253 	4 	0.00815 	7.64 	-0.00634 	17.35
1774125 	-31 	0 	0.00081 	77.82 	-0.00042 	82.92
803370 	-27 	0 	0.00367 	-2.99 	-0.00192 	-15.02
921726 	9 	0 	0.00145 	-14.94 	-0.00072 	-8.56
897846 	-469 	55 	0.00607 	-8.32 	-0.00463 	-18.56
1096269 	276 	59 	0.00776 	86.27 	-0.00625 	-66.66
897743 	-462 	20 	0.00800 	-6.12 	-0.00769 	-19.66
1005973 	-428 	14 	0.01192 	-28.27 	-0.01159 	-38.09
861429 	230 	33 	0.00148 	-8.31 	-0.00187 	15.80
860688 	38 	0 	0.00133 	-3.16 	-0.00160 	4.20
1774129 	-11 	0 	0.00087 	16.24 	-0.00038 	10.13
861762 	380 	14 	0.00388 	-12.04 	-0.00473 	11.03
861261 	371 	14 	0.00356 	-9.29 	-0.00455 	12.97
861867 	401 	68 	0.00223 	-12.77 	-0.00242 	26.20
1096265 	517 	45 	0.00253 	-117.24 	-0.00329 	-54.61
808597 	327 	56 	0.00338 	-32.46 	-0.00282 	25.13
1769461 	9 	0 	0.00048 	-22.93 	-0.00040 	-29.28
851686 	-885 	264 	0.00793 	84.09 	-0.00966 	53.47
1610508 	17 	1 	0.00308 	-26.08 	-0.00235 	-39.55
946711 	-38 	1 	0.00136 	-25.48 	-0.00131 	-35.78
978919 	233 	44 	0.00355 	-28.67 	-0.00355 	10.63
1020304 	-91 	6 	0.00468 	9.39 	-0.00332 	-0.12
1740226 	-134 	1 	0.00284 	2.96 	-0.00232 	-21.11
1647899 	129 	2 	0.00280 	-37.94 	-0.00228 	-31.09
808621 	280 	50 	0.00263 	-14.30 	-0.00209 	36.79
897507 	-526 	26 	0.00917 	-7.87 	-0.01005 	-19.97
860776 	32 	0 	0.00250 	-8.61 	-0.00136 	3.61
946936 	-1362 	138 	0.00728 	6.74 	-0.00823 	-24.98
898126 	-527 	24 	0.00943 	-8.90 	-0.00874 	-21.07
1773200 	16 	0 	0.00078 	-18.33 	-0.00045 	-23.42
1632633 	14 	0 	0.00159 	0.01 	-0.00152 	-11.00
808905 	200 	34 	0.00235 	-9.02 	-0.00202 	-20.56
1772778 	24 	0 	0.00143 	-32.58 	-0.00119 	-28.51
1635154 	21 	0 	0.00139 	-13.32 	-0.00093 	-37.80
946835 	-1073 	120 	0.00556 	6.53 	-0.00495 	-15.90
1020626 	-971 	340 	0.00661 	7.31 	-0.00771 	-28.90
978903 	379 	76 	0.00312 	-30.27 	-0.00245 	5.23
1610933 	-36 	0 	0.00215 	16.36 	-0.00082 	9.40
808357 	438 	79 	0.00548 	-17.72 	-0.00428 	7.31
1770102 	-49 	0 	0.00135 	20.97 	-0.00083 	26.95
1115326 	408 	71 	0.00245 	-23.50 	-0.00237 	12.46
1684297 	-627 	12 	0.00927 	8.77 	-0.00975 	-4.23
1738746 	-22 	0 	0.00131 	10.20 	-0.00094 	3.72
946799 	-881 	78 	0.00664 	5.63 	-0.00577 	-29.36
966018 	-183 	21 	0.00290 	17.25 	-0.00440 	1.78
1523952 	315 	8 	0.00814 	5.71 	-0.00562 	17.57
860692 	4 	0 	0.00119 	-3.35 	-0.00047 	-15.56
861433 	289 	11 	0.00323 	-10.08 	-0.00344 	15.17
1115402 	247 	42 	0.00232 	-5.21 	-0.00273 	14.18
966174 	-1366 	227 	0.01027 	91.82 	-0.01131 	41.62
897850 	-49 	5 	0.00371 	5.73 	-0.00231 	-5.15
1650279 	-238 	3 	0.00447 	-36.29 	-0.00490 	-45.34
921730 	78 	0 	0.00260 	0.87 	-0.00254 	10.83
1513927 	4 	0 	0.00055 	3.60 	-0.00047 	18.19
921835 	-193 	2 	0.00575 	16.82 	-0.00594 	7.95
1650334 	-145 	8 	0.00186 	34.72 	-0.00278 	7.45
1754790 	73 	0 	0.00109 	-31.23 	-0.00055 	-18.22
1646927 	-293 	3 	0.00634 	-63.57 	-0.00645 	-74.91
1627006 	5402 	70140 	0.02618 	-53.54 	0.00674 	-91.80
1756208 	-4 	0 	0.00067 	10.47 	-0.00061 	4.11
1096587 	119 	8 	0.00187 	-42.20 	-0.00174 	29.45
833587 	-44 	0 	0.00066 	73.61 	-0.00032 	66.38
1771782 	16 	0 	0.00097 	-13.03 	-0.00031 	-16.24
965906 	-601 	94 	0.01119 	102.81 	-0.01084 	32.49
1685859 	-39 	2 	0.00143 	17.68 	-0.00156 	39.72
1006233 	-289 	10 	0.00962 	-28.78 	-0.00791 	-36.26
1772999 	-39 	0 	0.00110 	64.50 	-0.00061 	57.02
1647083 	-109 	1 	0.00207 	-4.13 	-0.00223 	-18.17
1685230 	-206 	10 	0.00324 	12.67 	-0.00243 	-10.70
861111 	366 	53 	0.00423 	-3.51 	-0.00314 	21.51
1770396 	12 	0 	0.00067 	-7.52 	-0.00045 	-1.03
1655435 	80 	19 	0.00222 	21.62 	-0.00140 	50.49
833515 	-0 	0 	0.00103 	-14.53 	-0.00049 	-21.45
1037587 	-653 	56 	0.00484 	12.93 	-0.00541 	-19.95
898130 	31 	4 	0.00407 	1.78 	-0.00348 	15.15
1632349 	81 	11 	0.00318 	-17.32 	-0.00244 	20.27
1685855 	-767 	15 	0.01658 	7.26 	-0.01302 	-5.10
1772995 	-187 	0 	0.00189 	71.65 	-0.00134 	52.20
1060134 	30 	3 	0.00231 	0.66 	-0.00150 	-3.72
1655439 	59 	14 	0.00126 	-6.64 	-0.00149 	25.29
808913 	257 	46 	0.00320 	-40.97 	-0.00250 	-17.69
1170255 	262 	8 	0.00933 	8.50 	-0.00826 	17.43
1020630 	-826 	345 	0.00696 	9.25 	-0.00697 	-16.31
808981 	506 	84 	0.00389 	-34.10 	-0.00398 	25.16
1740436 	-5 	0 	0.00164 	-11.55 	-0.00117 	-18.77
860966 	5 	0 	0.00034 	8.99 	-0.00042 	14.55
1634177 	-233 	30 	0.00327 	14.22 	-0.00255 	-4.44
1004883 	-374 	12 	0.01116 	-29.63 	-0.01062 	-36.63
978863 	327 	3 	0.01071 	8.15 	-0.00933 	17.56
966178 	41 	4 	0.00311 	8.94 	-0.00237 	20.76
861871 	376 	67 	0.00266 	-32.22 	-0.00260 	26.60
861277 	245 	5 	0.00426 	-5.48 	-0.00473 	6.46
1610339 	-9 	0 	0.00120 	7.17 	-0.00111 	25.01
1653207 	106 	19 	0.00244 	-38.22 	-0.00235 	-10.73
861553 	452 	76 	0.00279 	-32.41 	-0.00238 	7.34
965828 	80 	9 	0.00505 	8.80 	-0.00459 	-17.05
851690 	-193 	2 	0.00598 	17.60 	-0.00625 	7.66
808581 	448 	81 	0.00586 	-16.06 	-0.00472 	10.74
1059887 	77 	10 	0.00207 	15.99 	-0.00184 	40.60
1739937 	-125 	1 	0.00267 	43.19 	-0.00295 	33.57
897511 	57 	6 	0.00296 	-4.52 	-0.00462 	7.20
808637 	297 	52 	0.00294 	-34.09 	-0.00224 	-8.99
978665 	325 	62 	0.00292 	-32.03 	-0.00319 	10.58
799101 	6 	0 	0.00114 	7.44 	-0.00083 	14.30
977887 	-629 	57 	0.00835 	25.26 	-0.00647 	12.00
1650291 	140 	3 	0.00203 	-42.07 	-0.00109 	-24.88
1648968 	-80 	1 	0.00297 	6.98 	-0.00285 	-1.22
897499 	143 	19 	0.00287 	2.59 	-0.00251 	33.93
1647907 	-54 	4 	0.00259 	4.08 	-0.00378 	-21.55
978887 	174 	35 	0.00244 	-41.53 	-0.00294 	21.63
1076119 	215 	38 	0.00645 	5.60 	-0.00440 	35.82
1631997 	177 	24 	0.00305 	-6.90 	-0.00265 	1.84
860784 	15 	0 	0.00114 	-4.23 	-0.00015 	15.23
1739941 	-160 	1 	0.00305 	44.72 	-0.00255 	32.66
979295 	252 	2 	0.00828 	7.92 	-0.00827 	17.56
1632156 	-19 	3 	0.00294 	-33.63 	-0.00333 	-11.74
808641 	369 	62 	0.00329 	-36.02 	-0.00289 	-0.07
978613 	-55 	4 	0.00298 	8.76 	-0.00272 	-9.07
1096403 	-90 	7 	0.00204 	-23.69 	-0.00172 	-47.18
978415 	322 	58 	0.00338 	-28.61 	-0.00373 	5.56
1037563 	-1070 	109 	0.00751 	6.98 	-0.00784 	-21.82
1682860 	-175 	8 	0.00383 	7.07 	-0.00361 	-17.85
1573807 	27 	0 	0.00370 	2.00 	-0.00347 	9.25
1654213 	139 	19 	0.00350 	-86.98 	-0.00360 	-61.81
861095 	307 	45 	0.00208 	-7.07 	-0.00254 	16.81
808965 	365 	62 	0.00449 	-6.24 	-0.00448 	17.78
1020646 	-408 	152 	0.00418 	16.19 	-0.00411 	3.41
1845162 	29 	0 	0.00129 	-30.39 	-0.00071 	-35.94
1514411 	-53 	2 	0.00054 	-61.67 	-0.00058 	-100.57
1096563 	105 	8 	0.00164 	-61.77 	-0.00136 	-1.52
1739397 	-50 	0 	0.00261 	-51.09 	-0.00248 	-60.59
1515594 	40 	1 	0.00089 	-29.06 	-0.00073 	11.53
977651 	-43 	3 	0.00215 	-12.44 	-0.00321 	-18.60
861099 	332 	56 	0.00366 	-30.35 	-0.00384 	3.35
808969 	673 	114 	0.00442 	-0.06 	-0.00300 	25.61
1170829 	209 	5 	0.00751 	8.40 	-0.00752 	17.70
1646951 	-403 	4 	0.00718 	-65.99 	-0.00719 	-76.38
1095183 	-1342 	186 	0.00958 	40.09 	-0.00261 	43.35
1515622 	-112 	4 	0.00123 	134.73 	-0.00131 	84.46
1059400 	33 	4 	0.00299 	7.20 	-0.00156 	26.89
1648408 	-348 	5 	0.00290 	-38.01 	-0.00322 	-49.90
1770372 	-29 	0 	0.00102 	21.40 	-0.00098 	30.12
1739421 	-140 	2 	0.00546 	8.96 	-0.00318 	28.79
1019990 	35 	2 	0.00182 	-4.89 	-0.00171 	12.86
1515405 	-22 	1 	0.00188 	66.58 	-0.00180 	55.18
978419 	375 	69 	0.00301 	-18.34 	-0.00343 	11.99
1075908 	-152 	21 	0.00509 	3.39 	-0.00307 	28.76
1684519 	-6 	0 	0.00198 	-5.16 	-0.00128 	5.94
808897 	314 	54 	0.00212 	-1.87 	-0.00226 	41.31
1655443 	943 	301 	0.00357 	-6.16 	-0.00497 	49.98
833563 	-209 	3 	0.00684 	16.65 	-0.00766 	7.13
1610343 	-413 	181 	0.00020 	-34.12 	-0.00022 	-121.09
1523469 	230 	3 	0.00705 	6.68 	-0.00514 	17.35
1738730 	-129 	1 	0.00301 	41.07 	-0.00295 	32.32
851980 	-1535 	371 	0.00898 	87.64 	-0.00891 	54.89
979299 	6 	1 	0.00276 	5.92 	-0.00243 	20.31
1733126 	23 	0 	0.00055 	-30.57 	-0.00039 	-20.67
1632683 	25 	0 	0.00145 	-18.29 	-0.00181 	-7.15
1626908 	-121 	88 	0.00203 	17.53 	-0.00221 	-30.64
1059903 	11 	2 	0.00196 	3.02 	-0.00185 	19.58
1096415 	132 	10 	0.00148 	-6.69 	-0.00178 	12.55
812535 	-433 	36 	0.00890 	-4.98 	-0.00515 	-21.40
833579 	35 	0 	0.00065 	-113.64 	-0.00043 	-111.23
1050891 	-1507 	291 	0.00811 	97.15 	-0.01023 	51.67
978403 	363 	71 	0.00248 	-24.93 	-0.00286 	8.20
861083 	161 	28 	0.00263 	-7.11 	-0.00221 	29.33
808973 	475 	78 	0.00294 	2.01 	-0.00277 	30.52
1096579 	172 	12 	0.00227 	-3.48 	-0.00221 	28.76
1886741 	2 	0 	0.00081 	77.61 	-0.00093 	90.45
946843 	11 	0 	0.00084 	-20.75 	-0.00068 	-34.09
1020650 	-485 	172 	0.00310 	30.24 	-0.00583 	-24.70
1772445 	-13 	0 	0.00076 	1.76 	-0.00018 	-1.45
946161 	-31 	0 	0.00157 	25.12 	-0.00139 	0.13
1648412 	101 	2 	0.00156 	-45.38 	-0.00118 	-22.94
1703804 	-83 	1 	0.00172 	4.80 	-0.00173 	-3.23
1699405 	-73 	1 	0.00180 	-24.71 	-0.00149 	-34.28
1889663 	17 	0 	0.00058 	-86.74 	-0.00068 	-82.06
1522846 	326 	8 	0.00820 	7.39 	-0.00629 	17.34
1845039 	8 	0 	0.00082 	5.75 	-0.00047 	10.13
861285 	394 	56 	0.00335 	1.62 	-0.00348 	21.53
977891 	-654 	56 	0.00767 	28.43 	-0.00781 	12.40
978891 	272 	55 	0.00209 	-19.40 	-0.00290 	58.43
897739 	-1258 	262 	0.00888 	83.28 	-0.00921 	54.01
1515219 	-6 	0 	0.00069 	-65.13 	-0.00084 	-52.85
1741328 	-22 	0 	0.00166 	21.27 	-0.00069 	33.04
1523473 	2 	0 	0.00003 	21.23 	-0.00003 	38.03
1702787 	-62 	1 	0.00172 	-29.00 	-0.00163 	-38.98
808657 	395 	70 	0.00358 	-16.87 	-0.00432 	17.83
803266 	1157 	579 	0.00025 	102.98 	-0.00034 	111.47
860700 	58 	0 	0.00175 	-11.52 	-0.00202 	4.28
808573 	321 	57 	0.00445 	-25.80 	-0.00363 	1.94
860763 	26 	0 	0.00146 	9.08 	-0.00229 	-1.15
1633382 	20 	0 	0.00150 	1.33 	-0.00130 	9.12
1741324 	-42 	0 	0.00137 	21.07 	-0.00024 	27.69
1626872 	-293 	222 	0.00145 	61.67 	-0.00141 	-64.10
1050647 	-28 	3 	0.00231 	16.74 	-0.00157 	5.29
1683325 	-1 	0 	0.00005 	31.17 	-0.00004 	23.05
861289 	255 	9 	0.00376 	-5.76 	-0.00343 	12.55
1513947 	110 	4 	0.00103 	-60.31 	-0.00107 	-41.26
1515215 	12 	1 	0.00106 	68.34 	-0.00054 	53.94
897735 	164 	20 	0.00389 	3.46 	-0.00370 	23.25
1514826 	-159 	5 	0.00127 	50.70 	-0.00109 	41.56
1701502 	-79 	1 	0.00275 	-4.79 	-0.00206 	-15.79
1654209 	-62 	3 	0.00414 	-7.07 	-0.00219 	-9.45
1050666 	110 	12 	0.00135 	9.08 	-0.00175 	28.78
1514407 	-95 	3 	0.00101 	65.53 	-0.00112 	58.40
1096575 	40 	7 	0.00161 	-61.02 	-0.00141 	-113.42
1059416 	11 	2 	0.00208 	-12.61 	-0.00185 	5.16
965898 	-54 	6 	0.00383 	14.66 	-0.00264 	32.44
1515413 	62 	3 	0.00038 	-39.74 	-0.00048 	-62.24
1096419 	50 	4 	0.00148 	3.71 	-0.00143 	17.80
1514596 	28 	1 	0.00037 	-140.25 	-0.00058 	-113.83
1115140 	572 	95 	0.00330 	-26.25 	-0.00274 	19.89
1632001 	76 	8 	0.00405 	-23.73 	-0.00202 	16.91
1037579 	-1129 	120 	0.00758 	12.52 	-0.00768 	-27.10
833575 	31 	1 	0.00126 	6.68 	-0.00163 	27.49
1771770 	22 	0 	0.00112 	-32.76 	-0.00082 	-28.02
977460 	239 	6 	0.00728 	7.74 	-0.00670 	17.37
1020117 	37 	3 	0.00199 	-4.33 	-0.00135 	25.04
1844539 	-28 	0 	0.00129 	20.82 	-0.00097 	27.29
1740460 	-82 	1 	0.00150 	-50.95 	-0.00208 	-61.44
1771325 	16 	0 	0.00172 	5.53 	-0.00129 	11.27
978383 	161 	30 	0.00264 	0.02 	-0.00250 	26.92
946157 	-52 	1 	0.00193 	11.56 	-0.00060 	-1.80
1733660 	-2 	0 	0.00115 	-14.32 	-0.00077 	-20.23
1020666 	-457 	158 	0.00469 	24.34 	-0.00329 	-10.49
1059140 	141 	17 	0.00386 	-14.61 	-0.00267 	22.94
808945 	292 	54 	0.00240 	-34.17 	-0.00225 	1.61
1096395 	-108 	9 	0.00175 	56.31 	-0.00153 	-119.03
861391 	277 	48 	0.00308 	3.68 	-0.00369 	14.19
861997 	-94 	2 	0.00349 	2.97 	-0.00270 	-9.08
1647300 	-1 	0 	0.00168 	-0.58 	-0.00146 	-8.42
1094899 	-2278 	376 	0.01096 	46.87 	-0.00256 	44.65
1003720 	-372 	11 	0.01049 	-28.81 	-0.01088 	-37.31
1075924 	-12 	8 	0.00353 	45.29 	-0.00393 	14.38
1096423 	-20 	3 	0.00145 	16.85 	-0.00195 	39.39
808661 	300 	52 	0.00278 	-21.71 	-0.00398 	14.97
966042 	-1418 	261 	0.00720 	97.63 	-0.00972 	50.52
978633 	168 	31 	0.00304 	-64.45 	-0.00219 	16.22
851570 	21 	0 	0.00148 	-4.40 	-0.00018 	17.99
966309 	80 	9 	0.00249 	-2.48 	-0.00373 	23.18
1633061 	-147 	8 	0.00405 	14.38 	-0.00268 	3.89
1169831 	296 	4 	0.00948 	8.25 	-0.00883 	17.58
1523445 	-0 	0 	0.00004 	27.24 	-0.00004 	16.20
1754287 	-50 	1 	0.00354 	10.31 	-0.00158 	18.08
1523146 	375 	5 	0.00598 	7.94 	-0.00615 	18.68
946957 	-1122 	118 	0.00637 	6.64 	-0.00591 	-26.72
1076139 	23 	4 	0.00454 	23.24 	-0.00412 	0.13
1516015 	58 	3 	0.00061 	113.69 	-0.00088 	135.02
1889655 	-3 	0 	0.00063 	-86.83 	-0.00067 	-82.21
1649830 	-20 	1 	0.00272 	-14.90 	-0.00232 	17.77
1655269 	-111 	5 	0.00310 	25.13 	-0.00309 	-3.11
851831 	-190 	2 	0.00527 	17.20 	-0.00556 	6.94
1737537 	-61 	0 	0.00112 	-26.73 	-0.00190 	-34.37
1515223 	-24 	1 	0.00050 	6.23 	-0.00053 	-32.63
1883558 	21 	0 	0.00100 	-11.61 	-0.00050 	-5.90
1516019 	66 	2 	0.00086 	-62.66 	-0.00100 	-43.36
1096246 	153 	55 	0.00903 	128.61 	-0.00646 	-86.61
1036416 	-762 	76 	0.00540 	10.75 	-0.00591 	-21.40
1889659 	-9 	0 	0.00063 	-88.13 	-0.00070 	-81.96
946332 	-128 	9 	0.00377 	12.65 	-0.00554 	0.25
1050772 	-1033 	200 	0.00613 	93.76 	-0.00686 	48.75
1656030 	-195 	9 	0.00315 	19.19 	-0.00296 	2.21
1648944 	64 	1 	0.00184 	-36.28 	-0.00099 	-32.06
1773690 	-58 	1 	0.00142 	36.86 	-0.00155 	26.76
1514258 	2 	0 	0.00116 	-3.18 	-0.00104 	-27.12
1523449 	1 	0 	0.00004 	31.86 	-0.00006 	21.54
1741312 	74 	0 	0.00078 	-79.06 	-0.00055 	-88.76
977456 	-70 	6 	0.00364 	4.59 	-0.00367 	-3.04
946037 	-816 	79 	0.00509 	6.94 	-0.00431 	-6.84
1739401 	-69 	1 	0.00265 	-50.60 	-0.00274 	-59.73
1515804 	-22 	1 	0.00186 	68.37 	-0.00212 	59.62
1738579 	121 	0 	0.00305 	-33.77 	-0.00094 	-27.72
1739325 	-31 	0 	0.00206 	-52.63 	-0.00229 	-61.00
1771329 	-29 	0 	0.00179 	5.91 	-0.00151 	-1.53
1115576 	170 	31 	0.00150 	2.84 	-0.00150 	27.17
1515602 	-41 	2 	0.00154 	-44.97 	-0.00134 	-54.06
1648428 	-172 	2 	0.00506 	-51.77 	-0.00451 	-62.83
1059420 	-95 	8 	0.00449 	4.50 	-0.00354 	-2.45
808949 	262 	47 	0.00360 	-25.50 	-0.00308 	-10.66
1515995 	142 	4 	0.00189 	-30.92 	-0.00152 	-19.55
1740727 	-18 	0 	0.00111 	21.41 	-0.00068 	25.22
1096399 	34 	4 	0.00199 	14.49 	-0.00146 	56.08
1096543 	38 	4 	0.00244 	14.47 	-0.00193 	32.10
1169452 	285 	6 	0.01019 	7.54 	-0.00790 	17.24
1514431 	65 	2 	0.00103 	27.01 	-0.00131 	38.23
851566 	-11 	0 	0.00018 	16.85 	-0.00049 	-3.98
1888638 	41 	0 	0.00109 	-87.14 	-0.00072 	-82.19
808389 	457 	81 	0.00270 	-16.74 	-0.00359 	16.20
1632160 	37 	0 	0.00134 	-19.61 	-0.00139 	-4.02
1523453 	-0 	0 	0.00004 	35.90 	-0.00006 	38.51
1523150 	1 	0 	0.00005 	23.52 	-0.00007 	38.03
1741308 	-3 	0 	0.00038 	16.20 	-0.00048 	18.66
1610687 	1 	0 	0.00129 	14.61 	-0.00086 	21.10
1633077 	-40 	0 	0.00211 	-4.69 	-0.00155 	-18.75
1611125 	32 	2 	0.00319 	-23.83 	-0.00241 	-10.59
1515239 	-10 	0 	0.00123 	-45.04 	-0.00113 	-56.11
861734 	347 	13 	0.00394 	-12.75 	-0.00291 	5.43
1059939 	50 	6 	0.00221 	-1.85 	-0.00272 	31.95
978101 	375 	7 	0.01127 	8.02 	-0.00984 	17.32
1699425 	-97 	1 	0.00162 	-23.11 	-0.00173 	-31.86
1889643 	24 	0 	0.00084 	-86.68 	-0.00071 	-81.72
1647931 	510 	35 	0.00441 	-27.95 	-0.00424 	-5.10
978395 	241 	46 	0.00299 	-14.05 	-0.00233 	2.79
1020670 	-532 	175 	0.00410 	28.90 	-0.00405 	-61.14
1702811 	-65 	1 	0.00164 	-27.61 	-0.00174 	-36.10
946141 	316 	48 	0.00215 	-0.02 	-0.00291 	18.34
1515618 	-2379 	93 	0.00612 	87.04 	-0.00391 	47.37
1845154 	-8 	0 	0.00128 	1.88 	-0.00054 	-2.95
861981 	280 	11 	0.00255 	-12.40 	-0.00201 	13.08
861387 	399 	74 	0.00425 	-17.87 	-0.00436 	7.45
1096559 	154 	11 	0.00181 	126.36 	-0.00143 	-82.62
1739653 	-101 	1 	0.00294 	-5.14 	-0.00313 	-15.96
808953 	425 	77 	0.00546 	-23.44 	-0.00370 	1.78
1524532 	263 	6 	0.00696 	6.92 	-0.00567 	19.76
978423 	508 	120 	0.00474 	-19.16 	-0.00314 	10.69
1684523 	-443 	8 	0.00754 	8.46 	-0.00795 	-3.29
861715 	208 	35 	0.00250 	-5.85 	-0.00199 	25.10
1683503 	-419 	6 	0.01091 	6.00 	-0.01041 	-4.10
861719 	123 	21 	0.00160 	-0.15 	-0.00147 	35.94
978399 	370 	71 	0.00225 	-29.21 	-0.00264 	37.76
1115560 	313 	53 	0.00252 	-10.14 	-0.00307 	7.84
1734572 	2 	0 	0.00173 	7.96 	-0.00090 	13.33
897637 	-511 	21 	0.00981 	-8.55 	-0.00967 	-19.05
1515614 	17 	1 	0.00190 	-27.62 	-0.00116 	-35.84
808336 	1064 	677 	0.03369 	183.60 	-0.02367 	206.96
1845158 	81 	2 	0.00184 	-62.48 	-0.00181 	-54.97
1886293 	12 	0 	0.00135 	-6.48 	-0.00094 	-2.04
1096555 	45 	4 	0.00241 	-7.29 	-0.00129 	-113.40
1514427 	25 	1 	0.00062 	151.25 	-0.00067 	135.80
1628046 	173 	2 	0.00412 	-49.53 	-0.00339 	-37.59
838343 	61 	1 	0.00185 	-24.85 	-0.00134 	-15.93
1050061 	3170 	1303 	0.01875 	-14.83 	-0.02781 	37.42
1515385 	-49 	4 	0.00071 	-28.92 	-0.00064 	-48.80
1740731 	-13 	0 	0.00114 	20.54 	-0.00065 	12.60
1769751 	-30 	0 	0.00137 	20.21 	-0.00053 	33.25
1701522 	-74 	1 	0.00253 	-7.07 	-0.00258 	-15.08
1515235 	-72 	3 	0.00059 	-90.15 	-0.00108 	-124.84
966134 	159 	19 	0.00351 	4.93 	-0.00364 	-16.33
861738 	224 	33 	0.00251 	-7.26 	-0.00336 	12.21
1737521 	-6 	0 	0.00131 	8.70 	-0.00065 	13.22
851827 	-746 	201 	0.00632 	87.27 	-0.00823 	51.89
862001 	-436 	34 	0.00499 	3.67 	-0.00486 	-26.59
1096250 	-183 	15 	0.00283 	20.19 	-0.00296 	92.12
1515080 	13 	1 	0.00069 	88.89 	-0.00056 	105.77
1773686 	-43 	0 	0.00057 	90.95 	-0.00061 	78.70
978629 	201 	40 	0.00341 	-21.73 	-0.00203 	-0.09
861570 	146 	10 	0.00313 	0.27 	-0.00236 	12.48
808385 	319 	53 	0.00348 	-12.47 	-0.00271 	13.96
1741304 	-32 	0 	0.00141 	-49.51 	-0.00157 	-61.60
808317 	460 	77 	0.00342 	-27.33 	-0.00383 	-6.70
833418 	-218 	3 	0.00722 	16.43 	-0.00675 	7.58
1115366 	461 	82 	0.00235 	-21.03 	-0.00181 	11.96
1830184 	-46 	0 	0.00098 	25.87 	-0.00068 	33.68
1976642 	119 	2 	0.00455 	-6.08 	-0.00427 	2.09
1739661 	17 	0 	0.00093 	-17.64 	-0.00069 	-10.94
1823549 	12 	0 	0.00119 	-5.64 	-0.00064 	-12.65
1739429 	-48 	1 	0.00324 	26.99 	-0.00118 	-7.16
2007747 	-17 	0 	0.00079 	9.12 	-0.00065 	5.53
1738738 	151 	2 	0.00611 	-6.32 	-0.00561 	0.36
2004912 	43 	1 	0.00219 	-7.31 	-0.00118 	0.29
1850204 	2 	0 	0.00088 	-2.34 	-0.00037 	-0.00
1771762 	-35 	0 	0.00163 	50.20 	-0.00117 	42.41
1823545 	67 	0 	0.00541 	-13.95 	-0.00119 	-23.57
1770376 	-8 	0 	0.00037 	19.73 	-0.00035 	25.42
1739425 	-109 	2 	0.00318 	21.43 	-0.00120 	-10.98
1830188 	206 	1 	0.00078 	-130.21 	-0.00034 	-127.79
1739393 	-1 	0 	0.00065 	25.19 	-0.00058 	22.52
2009208 	49 	1 	0.00238 	-1.86 	-0.00138 	1.91
1895451 	-215 	2 	0.00270 	59.59 	-0.00067 	54.27
1740452 	-5 	0 	0.00101 	15.23 	-0.00107 	8.71
1739389 	-36 	0 	0.00086 	25.17 	-0.00059 	22.69
1816747 	58 	0 	0.00301 	-12.44 	-0.00135 	-3.45
1830192 	-4 	0 	0.00122 	2.15 	-0.00113 	5.59
1915115 	20 	0 	0.00110 	-14.21 	-0.00066 	-4.21
1889345 	50 	0 	0.00108 	-28.37 	-0.00057 	-34.21
1791243 	7 	0 	0.00119 	-0.68 	-0.00060 	5.59
1755711 	6 	0 	0.00098 	-7.56 	-0.00069 	-4.95
1890074 	15 	0 	0.00182 	-3.81 	-0.00106 	1.42
1845513 	-23 	0 	0.00148 	7.03 	-0.00126 	-2.03
1823553 	50 	0 	0.00163 	-16.55 	-0.00050 	-25.20
1845658 	-141 	1 	0.00134 	65.03 	-0.00055 	62.76
1739385 	-67 	0 	0.00097 	34.33 	-0.00026 	41.78
2009204 	46 	1 	0.00300 	-11.62 	-0.00182 	10.59
1791601 	-5 	0 	0.00129 	0.22 	-0.00115 	-4.90
1844851 	-1 	0 	0.00176 	35.45 	-0.00117 	40.43
1976108 	13 	0 	0.00230 	-12.69 	-0.00226 	-24.32
1739028 	2 	0 	0.00070 	14.26 	-0.00066 	26.99
1754283 	78 	0 	0.00185 	-34.54 	-0.00151 	-28.37
1773698 	1 	0 	0.00087 	-5.76 	-0.00047 	-13.63
1845662 	-98 	1 	0.00111 	61.58 	-0.00042 	64.74
1845146 	257 	6 	0.00532 	-24.55 	-0.00271 	-10.50
1975875 	-18 	0 	0.00108 	9.31 	-0.00086 	5.40
1834743 	29 	0 	0.00117 	-33.63 	-0.00073 	-23.03
2005762 	34 	1 	0.00219 	-9.10 	-0.00092 	1.98
1976323 	-17 	0 	0.00091 	9.19 	-0.00044 	3.28
1830477 	36 	0 	0.00083 	-30.39 	-0.00057 	-23.36
1845007 	-1 	0 	0.00100 	2.01 	-0.00060 	-7.14
1930070 	117 	1 	0.00338 	-16.43 	-0.00321 	-0.73
1977047 	111 	2 	0.00377 	-6.63 	-0.00369 	3.03
1823013 	-37 	0 	0.00196 	-0.33 	-0.00172 	-5.76
2007771 	79 	1 	0.00479 	-21.08 	-0.00302 	-17.60
2009542 	60 	1 	0.00308 	-7.32 	-0.00147 	5.47
1773176 	-69 	1 	0.00073 	97.87 	-0.00067 	78.79
1848886 	-19 	0 	0.00182 	31.58 	-0.00119 	38.41
1974978 	114 	2 	0.00421 	-6.85 	-0.00344 	1.29
1845150 	43 	0 	0.00167 	-34.12 	-0.00058 	-25.46
1844847 	-24 	0 	0.00116 	62.95 	-0.00057 	59.24
1883546 	-76 	1 	0.00071 	95.40 	-0.00076 	117.43
2009192 	-19 	0 	0.00108 	13.54 	-0.00046 	6.18
1773682 	4 	0 	0.00050 	12.59 	-0.00052 	6.11
1886297 	-18 	0 	0.00142 	9.99 	-0.00079 	2.19
1756168 	-19 	0 	0.00051 	106.76 	-0.00047 	104.13
1732900 	-72 	0 	0.00181 	32.47 	-0.00085 	26.95
1895511 	-11 	0 	0.00116 	7.15 	-0.00067 	1.95
1916051 	-341 	12 	0.00598 	18.02 	-0.00618 	3.40
2009538 	-12 	0 	0.00091 	20.76 	-0.00073 	27.52
1895262 	6 	0 	0.00161 	31.70 	-0.00201 	26.79
1769807 	69 	0 	0.00072 	-88.26 	-0.00070 	-81.31
1737553 	-12 	0 	0.00130 	4.16 	-0.00099 	-2.90
1920279 	-210 	5 	0.00758 	-10.38 	-0.00429 	-24.53
1737317 	13 	0 	0.00053 	-23.44 	-0.00033 	-21.29
1788322 	-4 	0 	0.00038 	4.15 	-0.00022 	20.61
1830489 	4 	0 	0.00136 	-13.89 	-0.00104 	-19.89
1975188 	-22 	0 	0.00116 	9.52 	-0.00129 	1.00
2008625 	-7 	0 	0.00100 	12.85 	-0.00072 	21.84
2008890 	36 	1 	0.00316 	-6.94 	-0.00166 	3.91
1886313 	7 	0 	0.00102 	-3.26 	-0.00066 	0.51
1756011 	-18 	0 	0.00032 	33.11 	-0.00029 	22.05
2007795 	-26 	1 	0.00218 	22.76 	-0.00172 	36.01
1976995 	54 	0 	0.00207 	-18.58 	-0.00048 	-3.14
1830493 	11 	0 	0.00129 	-2.52 	-0.00109 	5.46
1794540 	22 	0 	0.00172 	-52.06 	-0.00140 	-58.31
1977166 	-1 	0 	0.00122 	8.99 	-0.00068 	13.05
1769811 	-12 	0 	0.00069 	0.29 	-0.00084 	5.47
1975192 	77 	1 	0.00105 	-43.87 	-0.00075 	-35.45
1774117 	-13 	0 	0.00138 	48.81 	-0.00121 	42.99
1737545 	0 	0 	0.00062 	3.80 	-0.00055 	-1.52
1834083 	190 	1 	0.00105 	-121.02 	-0.00046 	-112.48
1773019 	17 	0 	0.00074 	-16.21 	-0.00075 	-5.51
1845618 	9 	0 	0.00116 	-0.63 	-0.00059 	8.29
1886309 	-1 	0 	0.00205 	-30.91 	-0.00200 	-39.23
1845614 	-77 	0 	0.00155 	32.56 	-0.00079 	39.75
2008886 	50 	1 	0.00226 	-6.95 	-0.00182 	5.10
1773232 	43 	0 	0.00122 	-20.51 	-0.00103 	-15.72
1975441 	-19 	0 	0.00079 	9.23 	-0.00089 	1.96
1732800 	-4 	0 	0.00114 	5.69 	-0.00084 	3.46
1756220 	9 	0 	0.00064 	-89.50 	-0.00072 	-81.13
1975647 	-20 	0 	0.00094 	9.18 	-0.00053 	0.13
2008633 	178 	3 	0.00438 	-52.34 	-0.00228 	-38.93
2005124 	38 	1 	0.00189 	-5.76 	-0.00149 	2.22
1774121 	10 	0 	0.00058 	-1.85 	-0.00044 	4.94
1883851 	-14 	0 	0.00099 	18.00 	-0.00064 	21.71
2005494 	67 	2 	0.00194 	-17.90 	-0.00093 	-5.82
1974324 	6 	0 	0.00186 	8.65 	-0.00117 	15.44
1772770 	5 	0 	0.00200 	5.36 	-0.00136 	12.37
1939968 	88 	0 	0.00279 	-20.13 	-0.00085 	-30.65
1756216 	50 	0 	0.00094 	-87.11 	-0.00055 	-81.08
1818190 	26 	0 	0.00103 	-15.74 	-0.00073 	-3.25
1739068 	59 	0 	0.00123 	-30.83 	-0.00059 	-21.75
1769465 	-73 	0 	0.00053 	51.58 	-0.00012 	57.67
1920735 	-105 	1 	0.00178 	32.54 	-0.00031 	35.93
1887205 	-6 	0 	0.00068 	-39.57 	-0.00056 	-44.90
1975671 	-10 	0 	0.00210 	8.87 	-0.00077 	20.02
2005482 	19 	1 	0.00113 	-30.56 	-0.00183 	-49.03
1770392 	-106 	1 	0.00290 	34.46 	-0.00331 	25.18
2004623 	37 	1 	0.00179 	-9.02 	-0.00130 	6.00
1845638 	-6 	0 	0.00152 	-9.16 	-0.00095 	-16.50
1754803 	22 	0 	0.00089 	-28.26 	-0.00049 	-22.95
1793502 	25 	0 	0.00092 	-24.96 	-0.00011 	-28.76
1754794 	49 	0 	0.00096 	-36.19 	-0.00094 	-19.27
1772766 	21 	0 	0.00064 	-31.23 	-0.00068 	-41.60
1835949 	-2 	0 	0.00276 	0.01 	-0.00109 	-11.19
1787453 	0 	0 	0.00086 	-6.85 	-0.00041 	-16.20
1791999 	-1 	0 	0.00023 	-27.16 	-0.00036 	-36.00
1788318 	23 	0 	0.00157 	-20.13 	-0.00109 	-13.69
1896329 	-78 	1 	0.00669 	-30.71 	-0.00617 	-39.38
2008613 	-32 	0 	0.00102 	10.61 	-0.00070 	1.34
1941096 	12 	0 	0.00118 	-20.35 	-0.00118 	-28.72
1788314 	-3 	0 	0.00069 	9.50 	-0.00043 	-5.25
1975667 	-129 	3 	0.00115 	-68.16 	-0.00175 	-86.48
2005338 	-17 	0 	0.00118 	9.18 	-0.00064 	14.19
1740432 	-27 	0 	0.00116 	31.50 	-0.00069 	34.95
1823777 	-6 	0 	0.00154 	3.54 	-0.00072 	-8.69
1976634 	-9 	0 	0.00073 	9.73 	-0.00053 	14.01
1845182 	-56 	1 	0.00040 	108.21 	-0.00021 	115.47
1915838 	80 	11 	0.00209 	-20.05 	-0.00197 	-9.41
1791613 	21 	0 	0.00071 	-14.95 	-0.00023 	-21.75
2008393 	-19 	0 	0.00077 	11.55 	-0.00054 	5.68
1976395 	105 	2 	0.00446 	-6.39 	-0.00367 	0.53
1733126 	23 	0 	0.00055 	-30.57 	-0.00039 	-20.67
1848361 	-27 	0 	0.00114 	19.56 	-0.00083 	30.59
1739421 	-140 	2 	0.00546 	8.96 	-0.00318 	28.79
1791251 	5 	0 	0.00026 	-27.89 	-0.00023 	-20.46
2008199 	-25 	0 	0.00091 	10.09 	-0.00062 	1.77
2005502 	147 	3 	0.00812 	25.20 	-0.00653 	32.48
1845162 	29 	0 	0.00129 	-30.39 	-0.00071 	-35.94
1822233 	336 	7 	0.00320 	-36.10 	-0.00290 	-19.10
1895843 	19 	0 	0.00145 	-5.10 	-0.00066 	7.19
1834649 	-37 	0 	0.00177 	17.99 	-0.00190 	12.37
2005350 	55 	1 	0.00221 	-6.49 	-0.00159 	0.86
2007759 	10318 	1438 	0.04877 	-53.35 	0.01917 	-39.61
1793498 	46 	0 	0.00125 	-24.65 	-0.00057 	-37.80
1771770 	22 	0 	0.00112 	-32.76 	-0.00082 	-28.02
1822229 	-9 	0 	0.00045 	-17.43 	-0.00029 	-35.12
1845039 	8 	0 	0.00082 	5.75 	-0.00047 	10.13
1883229 	-230 	2 	0.00088 	104.35 	-0.00016 	113.13
2005478 	-40 	0 	0.00218 	16.07 	-0.00063 	21.92
1823781 	-32 	0 	0.00061 	22.33 	-0.00075 	18.18
1830196 	-27 	0 	0.00115 	16.26 	-0.00056 	25.70
1886741 	2 	0 	0.00081 	77.61 	-0.00093 	90.45
1738579 	121 	0 	0.00305 	-33.77 	-0.00094 	-27.72
2005366 	9 	0 	0.00105 	-5.64 	-0.00062 	8.99
1771329 	-29 	0 	0.00179 	5.91 	-0.00151 	-1.53
1976100 	-27 	0 	0.00156 	9.21 	-0.00078 	4.91
1883558 	21 	0 	0.00100 	-11.61 	-0.00050 	-5.90
1930074 	72 	1 	0.00256 	-21.35 	-0.00133 	-2.79
1773690 	-58 	1 	0.00142 	36.86 	-0.00155 	26.76
1741312 	74 	0 	0.00078 	-79.06 	-0.00055 	-88.76
1754287 	-50 	1 	0.00354 	10.31 	-0.00158 	18.08
1916018 	-63 	1 	0.00130 	37.17 	-0.00082 	18.00
1771325 	16 	0 	0.00172 	5.53 	-0.00129 	11.27
1733660 	-2 	0 	0.00115 	-14.32 	-0.00077 	-20.23
2007965 	-17 	0 	0.00099 	10.20 	-0.00110 	5.18
1847806 	7 	0 	0.00159 	3.46 	-0.00078 	10.59
1834400 	66 	0 	0.00120 	-29.47 	-0.00078 	-19.81
2008866 	-26 	0 	0.00104 	12.45 	-0.00083 	5.81
2007763 	424 	7 	0.00561 	-46.82 	-0.00449 	-61.98
1830509 	3 	0 	0.00093 	-4.19 	-0.00070 	-8.27
1737521 	-6 	0 	0.00131 	8.70 	-0.00065 	13.22
1848357 	10 	0 	0.00285 	-8.98 	-0.00094 	-20.44
1773686 	-43 	0 	0.00057 	90.95 	-0.00061 	78.70
2009196 	19 	0 	0.00184 	-18.01 	-0.00061 	7.43
1894920 	89 	2 	0.00166 	-4.21 	-0.00156 	8.95
1734572 	2 	0 	0.00173 	7.96 	-0.00090 	13.33
1886293 	12 	0 	0.00135 	-6.48 	-0.00094 	-2.04
1845158 	81 	2 	0.00184 	-62.48 	-0.00181 	-54.97
1974970 	-9 	0 	0.00095 	10.31 	-0.00067 	5.40
1896099 	34 	0 	0.00197 	-14.08 	-0.00070 	-7.08
2007973 	227 	2 	0.00555 	-18.03 	-0.00436 	-36.00
1845154 	-8 	0 	0.00128 	1.88 	-0.00054 	-2.95
2007775 	-16 	1 	0.00241 	8.11 	-0.00246 	18.12
1741308 	-3 	0 	0.00038 	16.20 	-0.00048 	18.66
1830505 	-40 	0 	0.00142 	39.20 	-0.00083 	32.26
1822297 	19 	0 	0.00074 	-14.33 	-0.00061 	-24.16
1845019 	-2 	0 	0.00089 	9.19 	-0.00021 	11.74
2008621 	-206 	0 	0.00422 	16.18 	-0.00065 	8.50
1895803 	-16 	0 	0.00188 	-0.05 	-0.00096 	-5.50
1755564 	-156 	0 	0.00157 	80.25 	-0.00143 	65.26
1773007 	-18 	0 	0.00095 	11.36 	-0.00076 	-0.47
1915263 	-3 	0 	0.00178 	-3.36 	-0.00094 	-7.13
2009530 	-17 	0 	0.00080 	9.59 	-0.00027 	-0.02
1895060 	57 	0 	0.00159 	-26.97 	-0.00074 	-34.42
1788208 	-16 	0 	0.00135 	8.92 	-0.00066 	5.36
1834091 	23 	0 	0.00206 	1.11 	-0.00152 	5.54
1787461 	11 	0 	0.00058 	19.89 	-0.00093 	14.30
1929325 	-219 	11 	0.00300 	10.89 	-0.00283 	-19.22
1737557 	-56 	0 	0.00076 	20.73 	-0.00037 	37.94
1844839 	-0 	0 	0.00071 	-3.74 	-0.00040 	-7.55
1883273 	6 	0 	0.00040 	-28.65 	-0.00058 	-32.12
1732896 	-2 	0 	0.00058 	8.90 	-0.00061 	11.40
1975445 	117 	2 	0.00462 	-5.88 	-0.00341 	1.42
1756192 	-9 	0 	0.00035 	21.36 	-0.00016 	9.79
1975899 	2 	0 	0.00140 	7.72 	-0.00085 	21.22
1773236 	-5 	0 	0.00128 	-10.77 	-0.00093 	-16.48
2009393 	50 	1 	0.00214 	-9.05 	-0.00161 	1.89
1886301 	88 	1 	0.00197 	-5.14 	-0.00153 	7.92
1794527 	26 	0 	0.00132 	-16.13 	-0.00043 	-12.60
1822309 	-12 	0 	0.00044 	21.28 	-0.00041 	12.77
1824516 	-11 	0 	0.00054 	8.18 	-0.00045 	-4.67
2005116 	-7 	0 	0.00096 	10.09 	-0.00047 	2.51
1920267 	125 	1 	0.00489 	-5.54 	-0.00318 	1.07
1788250 	-3 	0 	0.00050 	-4.17 	-0.00061 	-19.80
1977162 	249 	3 	0.00128 	-111.24 	-0.00107 	-99.30
1929733 	-265 	3 	0.00277 	45.86 	-0.00187 	59.51
1830497 	-72 	3 	0.00121 	52.33 	-0.00080 	9.38
1822305 	4 	0 	0.00073 	-8.62 	-0.00035 	-14.76
1733776 	8 	0 	0.00078 	-10.24 	-0.00080 	-16.20
1915279 	27 	0 	0.00239 	-5.33 	-0.00134 	1.63
1916043 	-801 	57 	0.00469 	21.52 	-0.00622 	-10.62
1834015 	48 	0 	0.00125 	-17.20 	-0.00028 	-8.59
1975895 	126 	2 	0.00424 	-6.15 	-0.00444 	1.87
1818194 	-8 	0 	0.00075 	1.02 	-0.00060 	-3.48
1773200 	16 	0 	0.00078 	-18.33 	-0.00045 	-23.42
1794317 	-7 	0 	0.00056 	12.79 	-0.00029 	2.24
1772778 	24 	0 	0.00143 	-32.58 	-0.00119 	-28.51
1822253 	17 	0 	0.00095 	-19.72 	-0.00137 	-10.69
1824520 	58 	0 	0.00083 	-43.15 	-0.00025 	-36.02
1774129 	-11 	0 	0.00087 	16.24 	-0.00038 	10.13
1769461 	9 	0 	0.00048 	-22.93 	-0.00040 	-29.28
1738750 	19 	0 	0.00081 	-81.65 	-0.00072 	-75.26
1774125 	-31 	0 	0.00081 	77.82 	-0.00042 	82.92
1754786 	63 	0 	0.00117 	-28.82 	-0.00073 	-23.36
1772774 	-23 	0 	0.00173 	5.79 	-0.00172 	-0.10
2005402 	73 	2 	0.00250 	-76.33 	-0.00181 	-79.87
1849258 	-14 	0 	0.00025 	41.30 	-0.00017 	32.26
2005490 	46 	0 	0.00185 	-22.12 	-0.00048 	-1.81
1896131 	-44 	0 	0.00592 	-32.27 	-0.00492 	-38.99
1941092 	118 	0 	0.00205 	-44.66 	-0.00121 	-61.20
2008617 	26 	0 	0.00165 	-116.70 	-0.00172 	-119.25
1772995 	-187 	0 	0.00189 	71.65 	-0.00134 	52.20
1822961 	-14 	0 	0.00085 	31.56 	-0.00057 	35.94
1740436 	-5 	0 	0.00164 	-11.55 	-0.00117 	-18.77
1754790 	73 	0 	0.00109 	-31.23 	-0.00055 	-18.22
1793506 	16 	0 	0.00066 	-24.49 	-0.00029 	-37.60
1834035 	-53 	0 	0.00115 	12.49 	-0.00085 	30.59
1756208 	-4 	0 	0.00067 	10.47 	-0.00061 	4.11
1771782 	16 	0 	0.00097 	-13.03 	-0.00031 	-16.24
1788188 	1 	0 	0.00061 	-37.29 	-0.00037 	-24.59
1772999 	-39 	0 	0.00110 	64.50 	-0.00061 	57.02
2005486 	40 	1 	0.00201 	-6.62 	-0.00153 	1.67
1915259 	0 	0 	0.00180 	-2.38 	-0.00095 	3.59
1770396 	12 	0 	0.00067 	-7.52 	-0.00045 	-1.03
1975200 	1 	0 	0.00193 	-3.45 	-0.00078 	3.68
1738746 	-22 	0 	0.00131 	10.20 	-0.00094 	3.72
1822249 	28 	0 	0.00093 	-30.93 	-0.00048 	-34.13
1787457 	-25 	0 	0.00114 	13.76 	-0.00057 	4.63
